80 6 3
0.04286103 0.00026042 0.15111899 0.16029170 -0.07219527 3.00000000 0
0.04843220 0.00080210 0.15454674 0.19464797 -0.07180480 3.00000000 0
0.03848838 0.00036459 0.13978143 0.16993115 -0.07402853 3.00000000 0
0.03414846 0.00144795 0.13830532 0.14626120 -0.06948696 3.00000000 0
0.09559449 0.00021875 0.29835721 0.18716512 -0.17926046 3.00000000 0
0.04483872 0.00055209 0.15261354 0.19489048 -0.07619274 3.00000000 0
0.01779248 0.00051043 0.12224031 0.08662111 -0.07663408 3.00000000 0
0.03962866 0.00046876 0.14105498 0.17318389 -0.07685119 3.00000000 0
0.03355748 0.00044793 0.14090147 0.13804670 -0.07371304 3.00000000 0
0.03667201 0.00044793 0.13751468 0.16268922 -0.07398125 3.00000000 0
0.02153910 0.00013542 0.12538540 0.10273308 -0.07824560 3.00000000 0
0.01998507 0.00015625 0.12937606 0.09197123 -0.07802855 3.00000000 0
0.09589321 0.00009375 0.29892563 0.18712811 -0.18280005 3.00000000 0
0.03725484 0.00013542 0.14740855 0.14557451 -0.07390865 3.00000000 0
0.02282749 0.00030209 0.12652750 0.10746691 -0.07589472 3.00000000 0
0.02623253 0.00046876 0.15635318 0.09830124 -0.09011850 3.00000000 0
0.16743957 0.00017709 0.39497988 0.24758292 -0.24013830 3.00000000 0
0.17783858 0.00023959 0.40726908 0.25477254 -0.24126136 3.00000000 0
0.03434632 0.00038542 0.17868770 0.11283667 -0.11059376 3.00000000 0
0.03848682 0.00048959 0.18932371 0.11884232 -0.11790359 3.00000000 0
0.20633508 0.00334382 0.42180302 0.29203338 -0.26293279 3.00000000 1
0.20889262 0.00059376 0.43221831 0.28563396 -0.27307406 3.00000000 1
0.21465872 0.00005208 0.43390287 0.29334783 -0.25558675 3.00000000 1
0.20569138 0.00207296 0.42618190 0.28631253 -0.26032455 3.00000000 1
0.20680775 0.00013542 0.43365451 0.28036738 -0.26277246 3.00000000 1
0.20207048 0.00011459 0.43105915 0.27581738 -0.27283261 3.00000000 1
0.20336340 0.00013542 0.43371748 0.27423043 -0.24793882 3.00000000 1
0.20179785 0.00005208 0.43206444 0.27370630 -0.27009082 3.00000000 1
0.20270334 0.00009375 0.43210666 0.27519132 -0.25883523 3.00000000 1
0.21560384 0.00028126 0.43092049 0.29890641 -0.24616095 3.00000000 1
0.20393386 0.00013542 0.42880247 0.28001546 -0.27263531 3.00000000 1
0.21408215 0.00011459 0.43193409 0.29427777 -0.27987808 3.00000000 1
0.21322621 0.00011459 0.43088891 0.29374793 -0.27698384 3.00000000 1
0.21930109 0.00017709 0.43427940 0.30092278 -0.24054864 3.00000000 1
0.21865555 0.00009375 0.43108933 0.30468976 -0.26602612 3.00000000 1
0.09004074 0.00715640 0.28433999 0.19012536 -0.17160401 3.00000000 1
0.12875772 0.00461468 0.34210264 0.22358432 -0.21063780 3.00000000 1
0.10997677 0.00596887 0.31499396 0.20910020 -0.18956124 3.00000000 1
0.18737937 0.00230213 0.41471387 0.26529916 -0.24840869 3.00000000 1
0.18983649 0.00069793 0.41645895 0.26857709 -0.25471678 3.00000000 1
0.08230105 0.00032292 0.27662522 0.17356831 -0.16733239 3.00000000 2
0.05116131 0.00051043 0.21770619 0.13755562 -0.13125407 3.00000000 2
0.18530283 0.00017709 0.41510077 0.26208545 -0.25686609 3.00000000 2
0.03390934 0.00046876 0.17681768 0.11289156 -0.10678546 3.00000000 2
0.01686295 0.00046876 0.12412223 0.08046771 -0.07437971 3.00000000 2
0.02076488 0.00063543 0.13769960 0.08911432 -0.08306859 3.00000000 2
0.02414163 0.00063543 0.14794135 0.09732562 -0.08895922 3.00000000 2
0.01561368 0.00076043 0.11805318 0.07966272 -0.07059609 3.00000000 2
0.01830677 0.00067710 0.12919351 0.08412776 -0.07776422 3.00000000 2
0.02411415 0.00073960 0.14763277 0.09749298 -0.08952094 3.00000000 2
0.04932369 0.00065626 0.21238895 0.13797389 -0.12798010 3.00000000 2
0.04655929 0.00076043 0.20619872 0.13411563 -0.12174335 3.00000000 2
0.03241345 0.00059376 0.17164160 0.11271828 -0.10300658 3.00000000 2
0.03468263 0.00071876 0.17764814 0.11649028 -0.10603519 3.00000000 2
0.03344720 0.00084377 0.17439615 0.11393298 -0.10286855 3.00000000 2
0.06069616 0.00034376 0.23686147 0.15068668 -0.14448603 3.00000000 2
0.02090822 0.00092710 0.12397402 0.10318405 -0.07316987 3.00000000 2
0.01669026 0.00119794 0.11888532 0.08688331 -0.07021848 3.00000000 2
0.10917086 0.00026042 0.31840734 0.20095634 -0.19165825 3.00000000 2
0.09862136 0.00030209 0.30212260 0.19161611 -0.17939879 3.00000000 2
0.02015214 0.00180212 0.13047416 0.09327153 -0.07734275 3.00000000 3
0.14303025 0.00026042 0.36502574 0.22819336 -0.27485553 3.00000000 3
0.07978625 0.00063543 0.27208398 0.17111516 -0.16383490 3.00000000 3
0.04535625 0.00042709 0.20518345 0.12897201 -0.11742909 3.00000000 3
0.20053341 0.00013542 0.43245766 0.26984390 -0.26067592 3.00000000 3
0.19893037 0.00015625 0.43074729 0.26889273 -0.25567574 3.00000000 3
0.07806077 0.00073960 0.26492169 0.17438586 -0.13678415 3.00000000 3
0.20028374 0.00013542 0.43169744 0.27149394 -0.28375993 3.00000000 3
0.16462163 0.00026042 0.39003180 0.24754221 -0.28505513 3.00000000 3
0.09065105 0.00034376 0.28797018 0.18505498 -0.16873042 3.00000000 3
0.08083810 0.00053126 0.27278163 0.17405072 -0.14858505 3.00000000 3
0.10498548 0.00042709 0.31132518 0.19726720 -0.19704180 3.00000000 3
0.04022589 0.00040626 0.19100197 0.12312857 -0.11885281 3.00000000 3
0.06745701 0.00084377 0.24702819 0.16136226 -0.15264292 3.00000000 3
0.04939158 0.00071876 0.15661725 0.17647818 -0.07442410 3.00000000 3
0.04469548 0.00144795 0.14928637 0.19422982 -0.08095123 3.00000000 3
0.04188225 0.00053126 0.14462194 0.18810185 -0.07741766 3.00000000 3
0.04152598 0.00071876 0.14434289 0.18692774 -0.07796603 3.00000000 3
0.04441488 0.00113544 0.14614757 0.19580436 -0.07567067 3.00000000 3
0.04159273 0.00105211 0.14419979 0.18741327 -0.07785951 3.00000000 3
